	copy
337732	3
337735	1
181342	4
181344	1
4467992	4
4454356	3
306528	4
355102	1
189592	1
354275	5
301064	2
4327628	3
339886	3
183855	1
166156	6
523051	3
348377	3
4454531	7
194101	1
194104	6
194107	1
2949328	5
766563	4
2996838	4
193591	5
336468	4
3220254	4
128297	4
298394	4
4431292	4
362389	1
582181	2
191683	1
4338161	3
176062	4
308907	1
176060	4
1551174	1
176067	1
531495	6
463007	4
4414821	1
315382	4
588755	6
586517	4
2017729	1
345717	4
133341	6
432284	2
182062	3
4305923	2
190332	3
575041	3
158711	5
1142029	3
193829	2
826541	4
2689396	7
694337	2
182886	5
321106	4
168260	1
363389	4
313387	6
190155	6
175261	1
4480529	1
564581	8
188966	1
4425571	7
347572	4
4442508	4
3584772	2
3439402	5
258946	4
324882	8
182889	1
234959	2
530629	1
290485	2
540079	4
183224	3
183220	6
181161	6
347714	2
182933	1
306315	4
205934	3
316675	8
3926480	1
4421273	4
194488	3
517754	4
360385	1
174680	1
174683	1
31235	5
1046997	3
195681	6
296082	4
193219	1
296770	3
326013	4
334340	3
667010	4
305997	1
338105	4
174353	8
288682	1
825808	3
336614	1
366386	3
4465907	1
192226	1
192225	6
368711	4
180289	1
344114	1
354461	3
180572	4
110944	3
180577	1
187256	1
312070	8
4450198	6
4450194	5
287558	10
515279	1
74480	4
925707	4
177100	3
177101	1
4440670	5
177109	4
172163	3
315463	6
315462	3
185715	6
404292	1
1885089	5
181155	4
220206	3
1024529	4
1105860	3
289306	4
3438642	1
306885	3
922397	4
509709	3
210095	1
325113	2
290253	4
191148	4
1682179	4
198151	4
198156	1
210895	4
4449055	6
4449054	5
523589	12
4456894	3
290033	1
179625	1
519746	3
179620	3
310857	3
517583	1
539647	4
4338624	4
4374302	1
757622	5
4456091	7
338926	1
571165	4
4352242	2
363264	3
363266	3
583134	4
179449	3
331476	1
347382	1
365634	1
4309550	5
137183	3
3272764	1
271418	3
322464	4
322466	3
1523543	5
147195	3
333768	4
197334	1
158967	6
157246	4
158963	4
331697	1
814079	7
302333	4
516366	3
192945	4
416286	1
4453316	1
566243	7
2075910	4
175741	3
296960	6
296962	4
350189	4
178712	4
178713	5
190956	1
197274	4
165118	5
184249	4
300662	10
316289	4
4310803	1
183144	1
977628	2
1124877	1
183414	1
4439469	6
374557	3
4041792	4
289495	4
369635	3
4308835	4
308072	6
181367	3
710432	6
304568	4
354254	6
712142	5
2309802	5
177663	4
527762	2
177660	6
536584	4
194129	1
194123	6
191442	4
325326	8
191445	4
198814	3
295871	4
512894	5
193797	4
182431	3
333166	4
965500	5
4315974	4
367176	4
302538	4
166515	2
261277	1
105287	6
1105984	5
199147	3
199141	1
168068	2
341902	4
3200278	6
157012	4
149699	1
293918	4
158775	4
182044	4
199490	1
199491	6
197783	4
322580	4
112931	4
198362	1
513078	6
742358	1
1696607	1
4094866	3
4473763	5
175535	5
179291	4
352559	1
188945	1
347553	2
364109	1
300870	4
584463	1
3887769	5
3398712	1
178977	4
303379	10
519680	6
4415649	1
2876801	5
296577	4
272555	1
196435	4
451449	7
4447950	5
325910	3
537219	4
178478	5
352647	4
520720	4
178474	1
950922	7
4304901	4
585227	4
271602	4
180771	3
92535	4
178571	3
1766666	3
182600	4
182603	3
184465	1
184464	4
561676	4
180552	4
180555	3
13986	4
317888	4
4225004	1
4410265	5
277388	4
929580	4
355312	4
303963	8
189381	3
843454	3
843459	4
3195500	1
817995	4
184651	4
292276	6
554296	5
183954	1
185731	1
185734	4
364903	6
4343627	5
235024	2
301184	7
181603	3
1997733	3
300594	2
592156	4
2423305	3
186389	2
191783	4
3121406	3
845444	6
340711	3
3465320	5
1077373	4
1624481	1
290235	5
4476065	1
509621	5
278928	2
1139897	1
176450	1
865469	6
198176	1
1056816	6
199218	3
513685	2
1053321	4
292145	4
197146	1
10512	3
4343842	4
152278	4
182383	4
187470	3
1086274	5
184922	3
187400	1
331326	3
577206	4
986574	7
317065	4
174589	1
174588	1
187404	5
186876	3
1141646	4
319938	4
175184	4
175180	3
179601	4
178322	1
179609	1
1108745	8
302352	1
342666	4
312586	4
335827	4
207126	6
175761	4
585419	5
111028	3
2123719	1
171607	3
145572	3
294856	6
190975	5
688701	6
330323	8
311587	3
306299	4
301956	5
183169	4
302975	4
338372	1
180123	4
180121	4
4308811	1
194696	6
194693	6
1652947	3
73609	5
905211	3
2686590	1
359149	6
365621	3
187747	2
196125	4
177600	4
839200	1
925131	4
583974	3
182416	1
189445	3
189443	6
4315958	5
1978955	6
21652	2
3544569	3
4303213	7
585869	10
554338	1
515531	7
4365130	5
342397	1
4288931	5
198696	3
294219	1
4339832	4
157033	3
199344	1
232222	5
518040	2
362470	3
251289	4
538967	5
4434579	4
1848900	1
752354	3
329390	5
105409	4
172233	2
846798	5
168047	1
230578	1
157693	3
300859	4
186652	1
566976	7
316587	5
1113289	3
1113282	2
856235	4
528753	5
198439	3
2029459	2
157966	4
290771	1
3924627	4
179812	1
59563	3
174170	1
271593	1
174174	4
4381555	3
298562	4
4101782	4
3708846	4
183592	4
183598	4
194993	1
194990	1
331150	3
194995	6
2532173	1
335311	3
313037	4
3807411	5
183620	2
158113	4
606755	3
1100471	7
183626	4
189630	3
4332078	4
350224	2
192262	3
4410938	3
511795	5
358939	4
405780	1
355334	2
287510	3
114400	5
192127	4
287514	2
558839	4
3845864	4
567875	4
4458306	5
185281	1
182167	4
292216	1
292215	4
840961	3
178452	1
1857626	4
191738	4
2438203	1
309391	3
130214	1
183970	1
183971	4
192696	1
539820	4
897007	5
348703	3
4295707	3
7366	3
191766	6
233953	3
4362300	1
4369131	6
295938	4
682726	2
4404220	6
1713225	1
191108	3
297266	3
297268	3
357305	3
176726	1
173917	1
4403689	3
321825	4
4425495	5
539688	4
1805553	1
2840201	4
4405869	7
211907	4
2447244	4
548503	1
851668	4
1959881	4
317048	4
317515	4
317041	1
157203	6
526804	4
157201	6
353155	4
183988	3
197624	6
189997	2
1062051	3
626544	3
179663	4
179662	4
175168	3
2177996	1
178822	1
688934	7
297237	4
268425	3
175708	4
179486	6
175704	1
337465	2
178759	2
338681	4
337468	4
300620	4
369797	2
370183	1
300628	4
3203801	4
196577	3
196572	4
787663	8
351095	3
267042	1
4435309	2
332450	6
186463	3
188735	5
590168	4
181853	6
181858	4
311078	3
303027	4
4436046	1
4333921	4
186906	1
4406817	4
4406814	3
4406818	6
4406819	6
113003	1
4410097	4
326626	6
173135	4
196100	1
1943557	3
177623	1
184349	1
145735	6
180107	1
180450	1
184013	6
1769960	1
318131	4
337161	6
4444277	4
310301	4
158321	3
4483015	4
307638	3
186883	1
4470078	5
186881	6
4424239	5
348065	3
521866	3
346938	4
287700	1
4325533	3
310247	5
292537	4
515552	5
322962	4
732765	5
2927689	1
854151	4
190358	4
174497	4
514974	6
197430	3
190420	5
716984	1
683112	1
301375	4
290974	4
332210	1
362327	4
362450	4
538947	1
363321	1
246717	3
191595	2
210262	4
4467347	6
314095	6
316037	1
4469032	7
3805726	8
3682570	2
196748	1
249776	4
196742	3
367790	1
194526	3
39613	8
4374084	5
175397	3
193191	6
326390	3
296535	5
169515	4
325621	3
194424	6
194425	4
454921	3
820843	8
174629	3
174625	6
1029036	3
182196	3
4434334	4
188856	1
34061	6
344512	4
68841	6
196462	4
192240	4
291445	4
43373	2
289734	1
174840	4
289730	4
295100	4
169364	4
181468	3
189610	3
181466	4
235065	2
304427	4
130763	3
181644	3
163857	7
314304	4
348272	3
1646171	4
817339	5
353124	1
357261	1
266210	5
304641	7
292941	1
2921213	5
17311	4
552448	4
193679	6
174019	6
326476	2
166637	1
293543	1
323115	4
362846	1
335701	1
99566	1
1917420	1
173935	1
586453	4
195035	4
368175	2
658370	4
146086	1
541394	1
187929	6
342213	3
187924	6
341004	4
341007	4
336115	3
2224336	6
45363	3
291147	4
344746	3
291149	5
4472721	4
553150	3
353173	4
847934	2
157772	4
175148	6
179649	4
237138	1
175491	1
175145	1
179133	3
1579962	6
851937	7
851938	3
3678349	4
356180	4
4336939	4
533969	4
568952	3
183340	1
4480359	4
175729	1
326136	3
828333	3
186194	4
337403	4
530437	3
319798	4
2548203	3
4406782	4
2942332	4
290637	4
355630	3
193075	3
186448	3
1586645	3
315978	4
301910	6
47737	2
359984	5
4361768	2
28914	1
2056702	4
195929	6
308760	2
181871	1
3767933	1
177421	1
177423	4
4012190	5
355187	4
178770	3
178773	3
843808	4
4402537	2
4372625	1
196167	3
193448	3
189260	1
92721	3
461487	4
624542	3
180473	4
580629	5
181254	1
4437515	3
333189	4
331975	3
333096	1
158309	3
313823	6
4474951	5
190864	3
4456606	2
308983	3
1747203	4
289569	3
3409363	1
191355	3
294254	5
293970	3
196832	1
106335	6
888914	4
350467	4
4201482	1
534926	1
113069	3
125624	1
235212	4
315391	4
175559	1
1105343	4
547714	2
175550	6
4409545	3
113397	3
194095	6
3154070	5
4403259	3
340547	6
4363537	3
301765	1
216710	2
278758	4
357111	1
185555	3
198478	1
363305	4
176604	1
195157	5
269327	1
365222	3
3141342	3
4425280	2
295343	10
295344	4
191923	1
4389066	8
4329776	6
1010876	4
178183	4
174605	3
290607	3
229228	4
184114	6
187126	3
187123	4
187121	4
331113	4
331116	3
4380976	5
296805	5
234488	5
354971	6
197179	4
4467447	5
398138	4
91359	6
174862	1
337619	4
3180933	5
291017	4
189674	3
183662	5
189679	1
303184	3
192438	6
372622	6
183932	3
192437	4
314853	8
151870	3
296113	4
195714	1
177986	1
2439770	6
301294	2
195436	4
509788	1
292962	4
176690	1
193654	1
323135	2
193657	3
189091	4
4449236	4
189092	4
360508	3
205781	5
15700	2
295978	4
362793	4
4396250	2
335910	6
2506486	4
4472399	1
661266	1
349036	3
592649	4
345473	1
182321	4
176297	1
187945	1
184940	4
17598	4
3931537	4
327327	3
199710	6
302746	1
294754	3
190679	6
190676	4
332185	3
351880	1
4325261	4
295590	5
573969	1
4442130	4
4322275	4
583069	4
3325758	5
4244333	4
183328	3
264496	3
316758	4
544480	5
311521	1
355615	4
148279	1
4310221	3
193015	4
315958	1
4397579	6
217109	4
545312	4
195947	1
4416763	4
503315	7
4323059	4
529905	1
328915	3
177403	1
206233	6
749837	4
159026	4
178799	5
174473	1
259357	3
189248	3
189793	4
196140	1
307180	2
1820513	4
4479612	2
180414	1
214450	4
313800	4
181233	1
368486	3
215855	6
553611	3
262095	3
190844	3
634449	1
4472091	1
348026	8
4307265	6
2820255	4
4414261	7
184770	3
4346374	5
192735	6
287744	8
292575	2
4358723	5
4344207	4
196854	4
186955	1
130048	4
582123	4
346793	5
1646259	1
99242	4
185428	3
314058	4
185420	5
329662	1
4460847	1
173876	4
329668	3
323903	4
310979	3
323906	2
179562	6
314586	5
509433	4
314582	4
561171	1
325768	3
4329572	4
4329571	5
195177	4
168289	2
1904497	2
584978	1
176332	1
583656	5
176334	1
295361	1
360985	1
743082	10
1914811	1
113919	3
331281	4
537290	7
887025	4
183093	3
306778	4
811453	4
184174	5
40639	3
24271	6
178965	4
133892	6
178961	6
941087	2
1111782	3
798581	1
157453	5
272886	3
157454	6
175828	4
273681	1
160750	3
4369901	5
361581	4
2617854	3
174885	5
174882	1
190220	4
319165	3
370357	6
185222	4
181938	4
195882	5
181422	4
197505	8
190226	1
183686	6
183680	6
183681	4
1146771	4
301109	2
110296	4
300517	1
328103	3
181689	6
196286	1
296134	3
195774	1
194824	1
177217	4
328105	1
292908	5
292909	4
191250	1
191703	3
576761	2
195415	2
449353	6
4440301	3
182799	6
514523	4
293508	6
325786	4
368849	1
292633	1
2555599	1
1896700	2
176104	4
176108	3
4423384	1
586141	4
1101434	5
182797	4
199081	6
311961	2
345454	2
190075	1
182305	1
190076	1
329271	4
181204	4
4476751	1
315517	1
562900	4
199268	4
4039230	6
192504	3
102471	2
4060124	5
210965	1
551902	3
353131	4
1062569	2
660199	3
188881	4
337392	8
363646	1
364341	4
2424737	3
585949	3
183308	1
339132	6
1110312	4
4030157	1
1110317	5
314646	1
146226	3
54794	4
1811927	2
157840	3
157842	3
340809	4
182874	5
193037	1
4439487	4
196513	3
316732	6
4439489	3
196518	3
296456	3
175373	3
174278	4
3160267	5
178557	6
4407747	4
296633	4
109703	4
325419	4
194615	1
194610	3
180658	6
180659	4
187689	6
110842	3
336710	5
523099	4
225919	6
184320	6
334573	1
591818	2
187355	4
192347	3
4361727	5
148354	4
358016	1
567974	4
567972	6
455805	5
4470582	4
4453773	3
197832	2
177024	2
684858	2
2771073	3
187262	1
312882	5
185059	1
573068	2
181217	3
573061	3
4426298	3
25461	6
372473	7
359720	4
345208	2
362342	1
806057	3
348009	4
322560	4
199694	2
303648	4
299047	6
349204	4
349970	3
4356269	2
631218	4
4396688	1
4359216	4
173851	6
519979	1
190441	1
179549	1
320322	6
290442	2
199528	4
196724	1
194584	4
194586	1
3805518	4
187518	3
176312	3
176318	4
187517	8
543348	2
4483963	5
363430	4
3040916	2
367889	6
701221	1
4395884	7
197581	6
584484	5
333645	3
342427	5
197589	1
293869	1
4417158	7
4468892	5
4468234	5
4468891	3
2203165	4
234447	4
299732	4
157470	4
364289	6
197052	5
157479	4
179325	5
175844	5
175846	6
4466275	2
178055	1
2544615	4
171547	5
4413347	3
230132	2
197135	1
4445028	4
4482944	5
747563	3
369014	3
369017	1
256619	4
131921	4
365484	6
145304	5
188329	4
136044	1
188321	1
185203	6
181918	3
308333	4
308338	1
343699	1
564400	1
355002	4
248473	3
4410640	2
170462	1
180352	4
195756	3
195759	1
179572	1
214860	4
193348	3
3086353	3
3621189	5
193343	1
177230	1
191278	3
328472	3
191273	1
322803	3
292921	4
297150	1
531046	4
336528	1
105109	4
4393532	2
177113	4
592933	1
976470	3
579293	5
181008	2
305318	4
182261	1
4375000	6
182264	3
219959	4
182269	4
617216	2
341752	4
199067	3
124906	5
348612	4
311947	6
708285	4
801210	4
287445	1
846386	1
184980	6
350832	4
184984	1
350523	1
350834	4
191180	3
510286	4
4482374	6
538000	6
176785	3
190638	5
583958	3
1046624	2
808794	4
864465	4
1077751	4
176323	3
179159	3
185588	4
185584	4
330208	4
4481131	4
4480841	4
186174	3
210946	4
198555	3
198552	1
198009	6
198559	1
433722	4
352604	2
367946	3
368261	1
291380	3
192983	1
178205	3
178206	1
325437	4
681370	3
288784	5
180982	2
288780	3
180638	1
298716	1
182854	5
336866	1
288075	4
189208	1
111446	1
189205	3
189754	1
180185	2
3186392	4
1903533	7
356030	3
356745	1
358030	5
373909	4
35786	4
309873	4
310380	1
312719	4
522433	4
145619	5
3571769	1
294922	4
181589	5
4393499	4
686211	2
110317	6
192776	7
327171	1
287781	2
300491	4
2949920	4
1830364	1
306633	6
4427459	1
3754926	1
4352747	5
186918	3
4388068	2
3768971	6
215231	4
186913	4
1100972	5
2877100	2
262634	6
262632	2
193575	2
2280825	4
270448	4
184142	6
550674	5
191043	3
194033	1
523934	1
4299396	4
302204	4
294545	4
293262	3
2201995	4
582691	10
290465	5
295144	4
198494	1
321693	1
336292	2
518460	3
2781880	4
302647	2
302641	4
184845	1
316734	4
365842	4
334839	4
1111216	3
331716	4
4305815	4
312156	3
1104908	2
1992	5
4398588	5
1099710	6
219151	5
182117	5
182116	1
203545	4
193915	3
179526	6
1061772	10
178928	1
4477017	1
197072	5
342504	4
291733	1
164744	3
4079463	6
299755	4
365717	4
567437	2
175642	1
288442	3
4385326	3
197112	6
197111	4
886735	4
316381	4
343719	4
186723	4
183532	3
183533	6
4296763	4
347628	1
164088	5
188348	2
192070	5
311718	4
196307	2
173969	6
311712	1
161109	4
194792	4
325848	1
325599	6
25947	5
515362	4
359020	1
196248	1
196249	3
3856408	1
196242	1
3856404	2
193364	1
196246	4
193367	1
194868	1
576232	3
525841	3
336501	6
546958	2
4479443	1
592913	3
269833	2
810425	5
181025	6
158576	3
4387092	7
356827	6
307462	4
4370491	4
312969	4
192093	1
554560	3
350503	4
341089	1
158415	4
3804335	2
192542	1
183886	1
330414	3
579541	2
178751	1
578147	5
54563	1
4347652	1
268730	4
3576174	10
550287	3
1084900	4
199283	6
345144	3
321598	3
619140	6
183829	5
1105328	3
4480861	3
298346	5
194264	3
194269	3
321774	6
195015	6
316267	2
157805	4
591583	4
191842	4
1776714	6
355905	1
191849	8
525215	4
176507	4
339685	6
365033	1
34413	6
529740	1
185235	6
194654	4
194659	4
360000	6
40798	3
312364	4
180615	1
4429553	5
26704	4
4429557	5
189820	1
589989	4
330458	1
590980	4
993934	4
2700883	4
318446	1
339531	4
229455	1
1602314	3
178485	3
307127	6
310633	3
151401	1
212481	3
192302	3
3190479	4
207252	4
324850	4
4453550	3
356011	2
318190	3
318194	4
4387246	3
312770	5
289658	3
524674	6
174901	3
170262	6
181560	6
839684	1
177062	1
337048	10
195651	6
369526	3
181702	4
186289	4
4295063	8
304108	1
276867	6
587933	3
366376	4
340631	2
193551	6
386273	3
191531	1
204126	4
3929758	5
321902	1
195221	3
187883	4
4359258	2
182542	1
173817	1
173810	2
173811	1
759816	5
4334479	3
97263	5
324244	4
4338745	5
4338748	4
362078	4
2134134	2
302629	4
353336	4
353330	4
346771	1
336277	3
333351	3
196957	4
349246	3
350979	5
184864	1
307903	1
4429963	2
190772	4
139321	6
346559	1
157122	4
134786	7
137209	3
317677	4
198210	1
178904	4
299770	4
112848	5
197099	4
199421	6
849393	6
197095	4
175336	4
175335	3
268506	5
1914875	3
365735	1
178018	1
288428	2
226693	2
233573	3
178012	1
178015	3
178016	1
4308160	1
787709	3
183556	1
225259	3
311484	3
591118	6
4477696	6
319455	4
2229500	6
352013	3
352010	6
352014	3
4474255	4
196322	3
525156	2
525401	1
174571	3
918242	2
73875	3
540862	4
262484	5
191716	3
4347829	5
177902	4
110144	3
16649	2
968954	5
233993	4
4478840	4
189548	1
318278	4
259677	2
331850	1
4366834	4
3449121	5
3449122	5
580305	4
593376	4
181047	3
158598	4
184678	4
1112121	2
320627	4
524444	1
289469	4
1136387	3
165257	5
297111	4
165924	4
165928	5
4326866	4
559527	3
196918	5
4326869	1
513440	3
1654477	7
320197	3
332317	5
539939	4
299187	4
175438	6
289074	1
191490	5
300136	1
2243510	5
421538	1
1868703	1
186133	1
186131	1
186130	6
2032544	1
194201	1
1105687	4
179260	3
175298	6
1135042	4
191829	5
290696	1
180801	3
174747	1
178242	4
289927	4
183604	1
4122608	4
833216	6
328993	3
194672	4
146935	4
194670	5
187668	4
305494	2
180941	3
4254313	7
158836	4
178299	3
147085	6
4128381	1
192857	3
786708	6
212359	4
356079	3
356073	3
319847	5
350091	3
177593	1
4072210	1
361375	3
232900	3
346302	6
197329	4
3700608	3
299407	4
197324	3
750071	5
327401	1
994357	8
364824	1
4336746	4
185034	3
188008	1
562244	4
300458	3
1034960	1
4474759	5
4404181	6
4404187	4
304123	2
262673	3
262677	4
359788	4
180905	1
162491	1
366352	2
177042	3
177040	1
177047	1
4332082	1
4375664	5
187623	5
193534	5
261891	1
191551	1
409686	1
297635	3
191555	6
194077	1
194079	1
2170526	1
358781	3
173744	5
4455005	8
539581	3
362501	6
302600	5
4423553	3
4352657	1
363454	4
190595	4
184805	4
538185	4
1952	5
342487	3
197521	3
1107945	5
4412541	3
158625	3
193950	4
176954	1
563803	1
163433	3
178387	4
533847	4
364227	3
536831	1
186090	1
179384	1
30569	3
529531	6
2018038	4
319400	4
549756	4
1919007	5
570049	6
659361	1
295094	4
156505	4
183579	5
290572	2
183576	1
183573	6
4419621	4
361507	5
525391	6
216111	4
195805	4
356445	2
195801	4
23652	1
511229	4
195808	3
3508701	4
175978	1
550807	4
4473227	3
1918929	1
174008	1
4407515	5
471159	7
815158	4
4371360	3
170652	10
360761	4
196200	1
224105	10
1047077	3
298942	1
184248	6
221429	5
335003	3
1082607	3
187051	3
189035	1
2430693	5
2318202	4
4483337	3
158027	4
189524	3
298468	3
4377709	3
190987	1
190980	3
354334	4
315223	2
334666	10
334661	3
834840	1
3275934	5
287608	1
69782	2
323778	1
4375127	3
269360	4
294440	4
332846	6
530379	4
327383	3
310071	1
192589	1
130103	1
181062	4
579851	3
345362	7
184175	1
91962	3
249142	1
124470	4
2963287	4
297792	4
185836	1
185834	1
190562	6
329761	4
300152	3
198754	3
248492	2
194225	3
191615	1
194223	1
591635	1
198530	5
195052	3
560465	7
509516	6
4294457	3
363029	1
295427	4
179715	1
196597	3
196590	3
4447219	3
368203	6
174763	1
180826	1
576914	2
1656581	4
176544	4
331014	4
4304843	2
183296	3
335256	5
187607	3
187604	1
174496	1
174499	3
50208	3
197757	4
189867	1
322552	1
291090	5
291094	4
724472	1
211706	5
313336	1
350300	3
142183	5
4417708	3
4142052	4
4418165	2
356052	5
353577	6
556240	3
355837	5
3964308	1
332732	5
174943	6
577406	1
3648884	3
4458227	3
524633	3
197343	3
197341	6
2265722	2
589329	4
4326091	1
176057	3
1113587	3
352192	4
183030	3
575756	3
110404	6
180215	1
684586	6
1743216	1
235127	3
337083	8
296010	1
195619	4
529873	1
581201	4
308419	4
4454068	7
213394	6
4450010	1
556936	2
4410166	4
819927	4
316925	4
97000	2
792868	3
161946	4
4460021	1
4383924	3
345846	1
292152	4
298178	4
4343184	1
325254	4
4427290	5
2250985	1
335816	4
231310	6
182506	1
2835813	2
307526	4
439880	4
362037	1
547913	6
192641	1
194036	3
327049	3
4414420	5
209327	4
851704	7
157162	4
197500	1
2654263	6
158649	3
197504	1
313521	4
4456576	1
346598	5
179018	3
185995	3
4448731	7
4447176	3
1139021	4
528421	6
291937	4
137399	3
360962	1
3692427	1
4390839	5
175376	1
4480923	3
146564	4
369090	1
4308127	2
369097	4
316496	4
652823	4
316321	5
1052181	4
178631	3
3412718	5
525378	1
814442	6
4397439	5
314433	3
195865	1
4453903	4
319411	3
862115	6
2986828	3
648559	4
179905	1
316144	3
368412	2
325539	4
194734	6
194735	4
194733	1
174532	1
4442459	5
3251419	4
526131	4
2979308	1
4371341	5
4331782	4
333886	4
194888	1
334215	4
187038	6
187035	1
149833	1
308081	2
341920	4
258099	5
322087	1
177368	3
320957	4
327672	4
4307383	3
4376828	3
843569	6
192079	2
720944	4
105099	4
332860	4
186851	2
320483	3
199286	4
183827	4
183824	1
183822	4
309284	4
309285	4
4396292	3
305460	1
988932	4
308889	6
4315474	1
649107	3
4437359	4
4295618	4
572743	4
215040	3
4433737	1
1504042	4
1866742	7
293307	1
329703	6
190502	1
196951	1
291982	4
205309	4
2387797	1
193709	3
320224	1
290300	4
850642	2
320221	2
162623	1
349123	4
193850	6
191633	1
347875	5
176705	5
176703	1
305288	2
294791	3
184925	3
1601633	1
3970651	5
1032415	2
176561	1
4300127	5
180842	1
4178726	1
180846	6
334049	4
184036	3
184030	6
1986406	2
302158	4
322571	4
808609	1
4380813	1
211720	1
209685	6
291211	4
353593	2
4402042	3
192228	1
175036	1
175037	4
4377703	4
72820	3
361845	1
834677	5
289636	4
299441	4
337538	1
188225	4
165046	4
197361	4
309745	4
4318177	3
526583	2
4405482	3
3462224	6
4478125	4
4356697	4
195635	1
792436	3
195639	3
4324489	1
241290	3
2676432	10
351457	4
527988	6
352243	3
177884	1
292820	5
129401	4
2066374	6
4111715	7
177081	6
196017	6
182483	3
195102	4
4399109	4
297677	3
292171	4
336375	1
231376	4
336372	4
348863	4
158270	2
69664	3
1508541	5
247557	4
342110	1
336214	3
324236	1
623471	1
162430	3
190240	1
190241	6
190711	1
157144	3
4349867	2
167373	4
524371	4
1076818	6
542096	4
4465803	3
295312	3
185972	1
538322	4
290762	3
306035	2
274694	1
191251	5
349802	3
4333086	5
4333087	3
304883	4
540940	5
179861	2
36647	3
44151	4
432444	3
319659	6
311464	4
147100	2
132892	3
300963	3
326865	1
179695	6
178612	4
321078	3
195843	3
4416113	7
365688	4
585480	1
179961	5
196381	1
196382	6
174043	1
174516	4
287863	3
174045	6
194712	1
334185	3
174519	3
556835	5
222842	5
4379449	3
34139	3
184209	6
4330852	4
804526	3
228199	1
851323	5
145856	8
3756485	4
4353913	4
356405	4
188694	1
188690	1
358112	4
100791	1
342947	3
4319785	5
4267520	3
844006	2
178738	4
299858	3
177343	5
177349	1
192015	6
287645	1
292360	4
337765	1
292364	6
2943548	1
589076	4
332803	4
4455388	5
183804	4
357449	6
533589	6
581014	1
309006	5
124309	6
185563	1
188847	4
191387	3
191434	1
325353	3
4411138	3
195548	3
198869	4
198866	5
4362724	4
323001	3
295804	1
566391	4
36892	3
349140	2
199403	1
850841	4
362958	1
1768385	8
362955	4
191651	4
3864823	5
33112	2
176765	3
269532	4
334956	4
4299126	1
1908049	4
4029584	5
271259	6
367215	7
583089	1
182036	6
4434294	6
182033	4
4481195	1
157081	4
4466150	6
327851	5
265871	4
4403113	4
4362942	6
305313	1
158855	4
157888	2
157338	4
4377149	4
179201	6
179200	3
3236435	6
175585	6
175586	1
175237	3
4377147	5
178151	1
192383	1
192385	4
183619	5
215468	4
291794	1
17859	6
530928	1
289984	4
4033995	5
111135	4
361864	6
337511	4
110660	4
361683	3
340223	3
184494	3
205962	5
519545	6
183783	4
303269	4
127309	5
186559	5
725212	4
183071	5
2532909	4
186555	4
184021	1
2331530	5
185090	4
401924	3
907096	2
296052	1
583256	6
352747	3
120281	1
192218	6
298842	3
4372511	6
197929	3
392887	1
259772	6
4323124	5
177754	6
561607	2
177758	1
180257	3
180523	1
180528	5
180529	1
207340	8
1870411	4
189334	6
874462	3
158211	1
158215	6
184570	1
158217	4
2686372	3
2442706	4
4420669	4
4451899	1
154506	6
277047	2
189896	6
324214	4
328659	6
784256	1
324219	4
358493	6
518552	1
320055	4
2280817	4
578754	4
578207	3
299267	6
197540	4
173987	6
508897	3
332353	2
4356080	5
186319	6
174817	3
289373	4
300036	1
362568	1
589622	3
344155	3
195214	4
195215	1
2196986	4
2101287	1
186030	3
349145	4
4409962	5
885437	6
327598	4
307984	6
608244	1
41128	5
4296216	1
301639	2
196632	4
176244	1
163494	1
321096	4
231510	1
175932	1
287808	4
288138	4
189924	6
112771	4
190639	4
4438983	2
365372	4
339417	1
4306036	4
2762219	1
1107057	6
3319304	4
67813	6
312530	1
291644	1
291648	4
178893	1
526682	3
23149	3
815422	3
158045	4
341969	4
318764	6
1065569	4
318760	1
315189	4
294710	3
3138798	5
157286	3
2063400	5
324020	3
114000	2
110059	2
312986	1
320912	1
320915	2
176306	1
230741	1
593043	2
4481861	3
181333	4
253471	3
4341205	4
580920	2
304047	5
1033413	6
544824	7
345301	4
198909	6
196191	4
4405423	4
4405420	3
348304	5
297087	2
188863	3
185542	3
191412	1
298050	5
194177	1
198848	1
210102	2
571642	4
294429	4
586387	5
196991	4
323061	4
193744	1
367456	1
367453	6
194287	3
537661	1
162660	1
4396877	3
176038	4
333279	1
363519	4
333272	4
365965	1
362608	6
4329090	5
180042	1
180881	3
197481	1
309892	3
4232045	5
4232047	3
4368575	5
198331	4
190100	1
317113	1
190108	1
295485	4
3894019	4
4446053	1
2498994	3
4300690	2
178420	6
4397200	4
964220	5
303300	1
302834	4
4318212	4
212686	4
330256	4
288651	3
316642	3
306368	3
4394926	7
183057	6
183054	1
4381092	4
301869	4
357963	1
2051184	2
316539	4
212532	5
858999	6
738351	3
529810	1
109633	6
193240	4
2740953	6
2740950	6
759751	3
279659	1
177518	6
311820	1
12574	3
187196	1
174304	4
145401	1
174300	4
19080	2
16054	2
292285	3
968873	4
318396	3
1943669	4
12619	3
182656	1
336627	2
543824	6
4465561	4
816299	2
4471279	2
158183	4
1112364	8
304211	1
187225	3
228785	6
180509	1
228787	4
3390534	5
723530	2
227697	2
334701	4
189356	6
1097113	7
846141	3
209475	4
292758	4
350626	2
350627	4
4289139	1
573110	1
293666	1
294360	3
293883	5
126	2
422283	4
185937	3
4356065	4
185939	6
4356062	2
3302038	4
3302039	4
290281	1
290284	4
332027	4
186011	3
352918	4
4295444	4
4429981	4
718358	2
194340	3
563086	1
195358	3
1986324	4
195350	3
4328606	2
311423	1
274569	1
805699	2
301655	3
691423	7
385807	2
187429	3
4438166	4
179435	4
569017	4
298670	4
1130824	5
334148	1
663500	5
4350035	1
2388617	5
845396	2
287826	4
158950	2
149437	3
4300206	5
318569	3
129692	1
337762	1
318563	1
302300	4
526665	4
313143	2
13811	5
207994	1
197225	1
300658	5
337495	4
103730	6
1126577	5
840376	5
185113	4
145236	4
1106384	1
511378	5
4421070	5
174439	4
301012	3
580907	5
4307094	5
183845	3
4307092	4
4307093	5
308249	6
177301	6
194110	6
191476	1
328277	3
325558	4
199190	5
198826	5
198824	1
195508	5
195509	1
182463	4
193763	6
366143	4
182469	1
326569	4
578908	4
1972262	4
3531225	7
297577	4
328098	3
235978	4
34789	4
898207	4
346639	3
820764	5
271214	5
4183249	1
254600	4
182073	3
514299	4
302090	1
299382	4
157516	1
158722	4
199335	1
4447072	5
199336	3
4457872	5
192419	3
327218	3
317135	4
4153054	4
415427	3
578016	5
1131759	2
190124	4
513021	3
188625	6
4448211	3
584107	4
584109	4
4305241	2
300829	4
316081	5
324894	4
183210	1
303326	8
303320	4
331099	6
182920	6
337550	1
582884	4
306306	6
838685	4
303224	1
4341056	4
355728	3
318959	4
318957	3
191999	1
520774	4
178117	1
191994	3
4324467	4
4477861	5
193221	1
296099	4
308498	4
268841	1
177828	1
194925	3
194924	3
360660	1
4330972	3
110625	3
531928	4
228232	4
366623	6
3262505	4
177792	3
191052	1
4375688	3
193592	1
4306262	2
182674	6
3082155	4
3903651	4
342844	3
187248	4
130864	4
180563	4
1928156	1
305545	4
303919	4
182588	1
181165	1
305016	6
3604981	1
184534	4
4357713	4
4357714	3
287544	5
555547	4
3166216	4
515243	2
321517	2
730906	3
514045	3
315475	3
304491	5
3244896	5
190529	3
1945397	3
297385	4
521996	4
293600	1
62513	4
186352	5
186351	3
330296	3
186358	5
1646183	2
345536	1
306091	4
791348	3
198127	1
2035344	1
194322	4
297963	4
194324	1
198128	1
176469	6
269141	3
523844	4
173945	1
552380	2
179186	5
179637	1
866280	3
4132520	1
290005	4
295527	4
3472078	5
288318	4
275984	1
583107	4
176201	6
176204	4
179989	1
4381553	5
339180	1
4390211	5
335577	1
298651	3
368490	4
346370	3
20799	3
346374	4
189960	5
546557	5
356357	5
178859	1
344288	4
275237	5
344284	4
178584	2
518820	4
178852	4
149335	5
359809	4
356138	1
353459	4
1108595	4
197207	1
322004	3
188183	4
327176	4
577294	5
361702	1
272171	3
544419	5
143423	4
245324	1
110016	4
1121926	3
73471	3
180179	6
113654	4
188764	6
803010	2
369763	3
351357	4
2137906	1
189588	1
177493	3
213566	6
241843	4
760967	4
230421	2
574720	2
340113	3
370086	3
193528	5
323200	3
4364747	4
559659	4
198945	1
198947	4
279534	5
177677	2
177679	3
4404731	5
510750	4
328523	3
366161	1
578960	1
293473	4
295861	2
259051	3
3827235	5
333114	3
158378	4
2529160	3
113542	3
4346677	5
4346675	6
367142	1
176070	1
176077	2
305207	4
302525	4
4324245	4
334935	4
1112614	5
349343	1
349431	1
317734	4
152612	4
168071	6
622288	8
182054	6
329693	4
182052	5
190490	4
222773	3
4463709	6
199318	1
4328189	7
4349946	3
295737	3
4448052	4
766768	6
370225	3
352840	4
294022	1
232030	6
360861	1
175520	3
188973	3
1115481	10
300809	4
4439603	4
186606	4
4435186	4
4439606	7
216010	8
1113256	3
157936	4
179847	1
179841	2
296562	5
193148	3
4381054	4
841907	3
360392	1
687940	6
192893	4
174695	1
178462	1
341885	4
193208	1
177800	1
4421199	7
552035	4
545139	1
4373156	1
4381635	4
334336	3
308734	4
288690	10
576400	4
366391	4
184477	3
291054	3
187267	4
192231	4
317892	2
13994	3
3275562	4
317899	1
276044	5
3785400	5
344133	4
4368216	6
842596	3
266935	3
842594	3
292243	3
292242	4
177111	6
3164696	1
293594	4
332962	2
558599	4
145009	4
325236	3
300588	8
181140	3
305561	6
289183	1
4390755	2
246937	6
246930	3
309433	6
198285	4
4078476	4
146672	1
809658	3
288362	6
4144206	3
42492	4
4144205	4
290241	2
349884	2
349882	4
146586	4
4388316	4
4371786	5
4348151	6
1856435	1
329597	1
351975	1
173965	1
568016	1
414949	2
179615	1
2545820	1
351292	5
187468	1
571178	3
338950	3
211935	1
289867	4
187720	2
290468	1
317073	1
4355598	3
291272	5
299179	4
4469164	2
726712	6
347043	4
184285	3
782042	2
553245	2
528596	4
24546	1
564320	5
356481	3
685156	5
524842	4
229533	2
175751	4
524848	3
361727	3
1044419	3
178708	3
148987	1
300618	4
300613	4
207487	6
547223	1
355685	4
4301511	4
225636	3
213762	4
1094991	4
302960	4
35260	4
180155	4
110563	5
110562	1
338301	3
3874253	4
188706	6
188707	6
369602	1
343811	3
181826	3
181827	4
194686	4
177478	3
4317896	4
198962	3
262060	4
359175	6
196139	3
196136	1
196134	4
196135	1
4432433	3
177618	1
292057	6
4396723	3
346804	2
3338600	2
3232988	2
4440251	3
827979	4
152450	2
3046870	2
313741	3
333216	3
305224	1
3124103	1
554346	11
312835	6
454363	1
199156	1
4365141	4
198689	3
190301	3
197460	1
772972	4
190309	5
317714	2
294224	1
186896	1
199487	1
186255	1
339948	1
335408	5
290900	1
199374	4
190162	1
536910	4
964067	4
565570	2
190169	4
4398028	5
175508	1
175509	1
3734841	4
332163	6
251456	2
4314724	3
663226	5
194254	4
316598	6
293843	4
186623	4
264967	5
343038	3
194512	1
194513	1
301733	3
186554	1
768553	7
195105	1
2530636	5
198420	1
351163	1
365297	4
797229	7
179866	1
179864	6
4449851	6
4376230	6
301880	1
194471	6
216290	3
4374853	4
532922	4
174361	4
174360	1
338156	3
541354	4
107044	3
136127	1
1503693	4
370075	8
370077	1
1740161	1
189624	1
189150	1
4290144	6
189152	6
184725	3
1007750	7
184497	2
2058521	5
4475758	5
192210	3
4402645	2
207833	2
314996	3
158297	1
358944	2
327730	1
110192	4
344154	5
174818	6
579952	5
292260	6
258202	3
16036	2
177134	4
192684	5
190365	4
594265	4
181611	3
234421	1
309419	4
349065	5
185622	4
304639	3
36378	4
3768338	1
576285	2
4362337	3
875735	3
194646	4
578533	6
193623	3
293025	5
166848	1
199745	1
568077	3
2829179	5
4352493	3
352852	1
295070	4
186272	5
295074	3
187917	3
187447	1
196035	4
84709	6
346003	2
3794053	1
187702	1
317502	6
4011307	2
353149	1
313216	4
322433	4
157748	5
4336423	4
175193	3
3943182	5
846464	2
3943186	1
310886	4
316452	1
264225	3
4322752	3
192912	3
4322751	4
4452633	4
291315	5
1136710	5
289841	4
179499	6
279048	2
3318103	1
232828	2
178725	6
114221	3
340876	3
190961	1
1029949	6
147702	4
190188	3
4465072	4
197107	6
186478	4
318503	3
339494	4
3910247	5
359376	2
1106362	4
4479392	4
180133	5
4479397	5
180136	4
4369434	3
593868	2
4278525	5
319275	4
105976	4
296330	4
343831	3
921110	6
1105552	1
206513	4
298788	3
560873	4
359158	1
523025	4
494971	3
103151	3
198980	1
198983	1
177637	1
4454586	4
975306	1
368681	4
292521	3
247639	4
3569942	5
181269	6
142935	2
4310675	4
259097	3
189459	6
4296764	4
2590430	3
186891	1
899059	4
305247	3
3424669	1
261240	4
4358599	3
4414725	1
195294	6
2283862	3
3409355	3
197402	1
196802	1
322604	4
760544	5
315684	3
320553	6
332202	4
839964	4
235262	3
1117593	3
708680	1
364459	1
175560	4
45296	1
328383	3
347529	4
360825	6
188938	4
345037	4
188931	3
188930	1
542934	3
316029	4
512682	1
270984	3
4422456	5
274400	3
194532	3
194534	4
301715	4
195120	3
381979	3
195123	5
198404	3
528725	4
317199	3
109413	6
157970	6
157972	6
15129	4
311692	1
194457	1
191975	6
325650	6
295339	1
191978	1
288521	4
367814	2
367813	1
182184	4
182188	4
183585	1
4133460	3
3147425	4
527941	4
291784	1
291786	6
338177	1
180721	6
3857426	1
1136492	4
182980	1
4311647	2
3878210	2
1059977	6
278098	1
342827	8
2965639	3
4317170	2
180585	4
4344883	10
208802	4
361556	4
192111	5
174831	4
197988	4
148067	3
589215	1
4256470	5
308386	4
3868447	1
2992312	1
181452	1
3014082	1
177150	5
177153	4
332929	3
130773	1
431368	3
301156	4
3633129	1
4327415	5
295815	2
195721	4
369416	4
185745	1
195728	3
296837	2
306728	2
181675	1
4473509	3
4093791	8
191779	1
4416015	3
331784	3
4471251	6
195465	1
657491	2
166869	2
4405146	4
389371	2
193606	1
105173	10
4331760	3
320121	4
297278	4
357312	3
191113	1
362853	6
362854	2
3562626	6
772543	3
176157	1
173927	4
173920	4
176401	3
587510	2
338994	3
338992	4
997267	5
923098	4
4426367	2
184910	1
4425663	4
317522	5
190649	6
164259	3
508968	1
4090254	1
175175	1
3450453	1
178839	8
3450454	1
178296	5
4452613	1
688923	5
4336943	3
4336940	4
2232355	1
306124	5
524884	3
3384047	4
535955	4
229069	3
591399	1
585914	5
175717	3
176757	3
188127	3
4397092	1
4341119	6
552235	4
374503	3
183137	1
186452	3
161762	1
306261	1
218710	4
347082	2
417981	8
577710	1
359314	4
185190	1
181862	4
352347	6
355424	3
1147868	6
4473883	5
174443	3
193452	1
189292	1
189296	1
721569	4
180446	1
187321	1
180442	1
180119	1
338438	6
158310	4
2066542	4
368950	1
1107439	6
302545	1
305261	4
3060611	3
4476936	6
358594	2
3300804	3
349458	6
4463108	6
524575	1
2160415	3
328544	4
294262	4
182989	1
197426	1
322625	4
197499	4
64192	10
606927	2
327298	2
3265161	1
332266	4
341730	3
327292	4
300374	4
2132002	1
300378	4
4391009	4
2365945	3
308860	3
1110135	4
4458576	6
194082	4
194089	4
193865	3
1105376	4
317205	1
198646	1
275845	4
321440	4
204352	1
295683	3
805066	1
22352	5
512114	2
194559	3
3278416	3
194557	3
495007	7
198468	4
195149	6
195143	2
365256	1
179350	1
179358	4
298557	1
194430	1
191913	1
191919	3
295350	4
4020502	5
746661	2
174638	3
174142	2
174147	1
341823	5
4480176	4
2730676	4
178994	1
344525	5
178991	1
326749	3
40649	1
617806	5
1817731	4
804621	3
208790	6
340995	4
4420570	2
273657	6
318332	4
192258	4
354908	2
4372003	5
322367	4
322361	5
324901	3
4344860	1
174850	6
174853	2
577512	4
292228	1
292222	10
148003	6
303191	3
4354477	6
594119	4
350502	4
180307	3
185765	3
359509	4
266198	2
1860112	1
296103	4
1860111	1
581463	4
505670	7
791522	4
25534	1
2386814	4
313524	4
4379411	5
4335781	3
668257	4
195449	1
514512	4
4449244	7
189085	3
189083	4
333050	4
177172	6
177175	1
17309	5
193667	4
193666	1
510233	3
189282	4
179414	3
1624383	6
3544699	5
176173	3
661270	3
187489	4
21306	2
187952	1
4470870	5
147969	1
3801267	5
192536	1
315529	4
350865	6
317012	6
294747	5
14157	8
882921	4
551955	6
4447432	4
175485	5
1016598	4
176828	1
187780	3
324733	3
2358923	4
183339	1
306499	1
4480189	5
361928	4
584375	3
188454	6
148925	1
361927	3
296487	3
316760	4
85903	4
345801	3
169428	6
193066	2
213870	5
193061	1
137353	3
174288	3
189920	5
195937	1
858896	4
359993	6
1579256	4
462585	1
311080	1
4316924	3
328905	4
355197	3
355196	1
176673	3
110723	1
178760	2
178767	1
180684	2
185312	6
2339949	1
229919	4
193477	4
189271	1
4436552	4
3408597	4
180468	4
354574	3
180462	3
714766	4
180795	3
181221	3
181226	1
331902	3
340960	6
197393	2
250784	4
261572	8
184760	6
114621	3
522582	5
199137	3
162335	4
4346368	5
322999	3
4338990	4
369843	4
292562	3
2190939	2
294246	5
196844	6
215266	3
4315788	5
332241	6
186233	5
4315783	3
4315782	3
4315787	5
215269	6
254376	1
819999	6
318900	1
4302718	5
4304717	3
352529	1
850066	3
1726408	5
185411	1
4455767	4
321469	3
3973322	4
592616	3
313423	3
196713	3
196711	1
170185	5
695612	2
3443092	4
310902	4
4217963	1
347783	1
495067	3
194572	6
841635	4
163243	1
298451	4
198449	5
4395075	5
10085	1
176346	1
176617	4
297496	4
360311	1
360315	4
175836	3
4314125	5
174614	1
174613	3
174611	4
113909	3
368338	2
194416	1
194415	1
845291	6
583398	1
4469007	3
346253	3
1835779	1
355154	1
4368600	1
315880	1
168439	3
363997	3
197003	3
4420417	3
342575	2
296872	3
324696	3
157424	5
353737	1
1696853	4
350273	4
350277	5
216989	3
317818	1
291475	6
4326219	3
208843	4
4298529	3
38278	3
530854	4
145883	4
180090	4
180099	6
370361	1
209845	2
361266	6
195892	4
4301298	5
189647	1
308696	4
360268	2
372146	4
183925	1
300501	2
1102370	4
269937	4
1751298	1
4375887	4
322835	6
191734	1
2877094	3
215670	4
354032	3
1804905	6
3530697	3
195429	1
297182	1
340783	6
366068	4
293511	4
4375080	6
4324040	4
336559	5
153647	3
332778	4
2549971	1
227565	2
297982	4
539328	2
579244	4
194383	4
362765	1
176113	3
176115	4
4476561	5
362108	1
4302904	5
263252	4
182331	1
190069	1
46910	5
315506	5
3825935	5
138179	3
1742070	3
192515	1
4414044	1
198053	6
291111	3
526875	6
313274	4
190605	1
4428676	3
54730	3
355817	1
332718	4
572843	6
306160	5
300694	6
242298	2
336836	4
584396	2
336830	1
621166	5
4457064	3
179785	3
569581	3
316747	1
316740	4
301921	7
3090117	5
196526	1
4442127	3
786081	4
692756	3
365574	1
3699358	1
288004	2
174403	4
180661	4
114821	5
1611482	1
593686	3
336761	1
177697	2
189782	1
228081	2
184314	3
180401	1
188789	4
358007	4
358008	4
588471	2
4483045	3
361679	4
197807	2
177037	1
177032	3
324112	3
177031	3
277120	3
177039	4
192720	3
337013	4
235424	2
287755	4
181756	1
104439	4
181754	4
3369303	8
581814	6
4335376	2
1607319	1
536535	2
586093	5
186963	4
186968	6
186969	6
560981	1
662917	2
301325	4
148352	5
1068836	1
344906	4
727945	6
4460853	3
772398	1
514257	4
329678	3
4460509	3
173863	6
518613	1
290455	3
179576	1
196731	4
179573	1
196733	3
194599	1
194597	4
194591	1
167910	1
187569	6
195186	1
804995	3
363358	4
1112762	4
4395096	5
333380	4
355975	6
333387	4
179319	1
4390319	5
4448436	4
360995	3
4330423	4
174672	1
174675	6
344654	10
329096	6
208972	6
341221	4
316515	6
313593	1
317035	4
157193	4
334395	4
2137077	3
305924	4
187178	5
187179	6
179796	1
178957	4
521795	7
1628708	1
521792	4
197022	6
157448	5
4435655	1
157445	4
525474	1
350256	4
114348	4
1763286	4
291494	4
4459708	3
3963289	5
339712	4
30067	2
287589	1
174892	1
188648	1
188315	4
188646	4
188316	4
185232	1
308322	4
4341679	5
343934	6
181432	5
181927	1
183698	1
318373	5
130289	1
3851582	5
180341	1
3507351	5
196296	4
348227	1
523140	1
564989	5
194832	3
177207	2
4401374	4
4401375	5
292910	1
191718	3
191241	4
354054	4
288839	3
195404	1
336539	2
176269	6
4440335	4
191487	5
3221787	1
305329	1
194286	5
564941	4
113581	1
358639	6
332588	5
199070	6
4456027	1
3424188	6
158423	4
329798	4
335480	1
294169	2
305141	2
22928	10
305146	5
349680	4
1620998	8
400739	1
773251	5
4451906	3
199215	3
190620	1
4070491	2
4070490	5
627429	4
1844553	4
157298	5
508984	2
185593	2
185594	1
185597	5
176862	3
176865	3
495451	3
4473129	6
347358	3
301498	1
824876	3
4429301	1
351067	1
351063	4
296442	4
272425	4
4428924	5
194380	1
182864	1
316728	3
355959	4
191874	1
191872	3
537548	3
851961	4
178238	6
174792	1
4452107	1
178742	4
3359884	2
847427	4
180640	3
184083	1
2223978	6
307238	4
194626	4
330469	6
3905573	3
214682	5
189235	4
214684	4
336708	3
273776	1
4393208	7
184339	4
629361	2
192370	6
180421	5
4479317	2
4446732	2
319541	4
313854	1
567960	5
174930	4
258140	3
330285	4
4453762	4
290293	3
192741	4
192749	5
289538	4
185068	3
370809	1
3524537	4
4318671	5
216550	3
1059655	5
1129461	6
970805	1
332284	3
1129069	2
345211	3
509070	4
193567	4
205613	3
1803030	3
270451	3
199686	2
349963	3
3797933	3
134517	4
4441855	4
510607	5
297378	10
356733	5
198626	1
335884	4
190453	6
514272	6
199534	3
295622	4
357168	1
198117	1
367092	1
198489	3
176300	6
336281	4
2985051	1
187504	3
4094259	4
535399	4
2415144	5
113417	4
331253	1
4389033	5
179557	1
48084	2
179551	1
178682	3
315846	5
356564	4
175650	3
339087	4
567427	4
178064	5
171559	5
327969	3
299620	1
4326870	3
330076	3
345986	3
365492	1
365496	6
332500	1
758482	4
258550	5
188333	1
302880	5
533133	4
319153	3
15076	4
196314	4
196315	4
311704	1
1950496	5
352022	3
16340	1
1036749	4
357765	6
296165	3
298937	10
228432	3
194816	1
314914	6
4359056	5
288810	3
579750	3
297143	2
297414	4
326486	4
326482	4
366716	3
311370	4
102424	2
4366867	1
4339145	2
4339144	4
4313430	1
31249	1
358343	4
334619	4
328466	4
791014	5
199054	1
3117556	4
348609	4
311950	6
184996	4
324322	3
184990	3
158404	2
1712722	1
310028	2
320430	1
4476780	3
646411	3
510295	6
197698	2
197696	6
237631	3
3746307	4
2658058	2
185861	3
185864	1
4428714	2
288120	1
274744	1
572889	7
194258	4
347801	4
198011	3
4369878	6
195029	3
195028	1
296420	2
4366523	6
76393	4
3387754	1
561312	3
355938	6
29566	5
849440	2
108482	4
176518	6
529979	3
585881	6
296394	4
325443	4
763985	4
194648	1
365536	4
541415	1
363477	4
180999	1
228330	2
189812	3
319708	4
319709	3
188432	4
3747551	4
2256425	4
183715	4
330252	3
1108356	2
3186388	2
291510	5
4410807	5
291512	6
291518	4
25695	4
354517	4
913091	1
28218	1
208949	6
4401580	5
2237211	5
158393	5
312707	3
174911	1
493391	3
307680	3
337580	3
1008348	5
4334844	3
4433823	5
324153	1
2487345	3
192767	1
287790	4
641783	4
300487	10
825063	2
369827	4
337057	4
1106290	2
593422	3
181719	5
1625448	10
253721	4
4341886	2
311776	1
186921	6
339988	4
4430843	4
318970	1
292892	3
4008675	5
2686384	1
4455257	7
783719	3
4439398	7
353982	4
261590	2
182133	1
344947	1
194008	6
191038	1
194001	3
766113	4
298120	5
564334	4
199555	1
320354	4
4329215	5
333348	4
302632	4
333341	4
4303423	2
41229	4
349238	4
113430	4
1145098	2
4425214	4
49406	4
317399	3
4466006	3
341263	5
179536	4
193968	4
193969	6
648124	3
291722	2
3579831	4
4464533	1
313086	1
151623	5
197069	3
230252	6
313089	4
317646	1
4390863	4
237468	1
175633	4
175630	5
175323	4
175635	1
178001	6
364034	4
254846	4
178678	1
4301141	3
311499	3
343709	2
4360055	5
347639	1
4296771	4
4310395	4
582997	3
527413	6
181961	2
4416614	5
181969	1
1144764	2
4378081	5
325586	1
325850	1
359581	3
195788	1
299302	1
193372	1
296187	3
1010113	7
4474081	3
360730	4
338553	1
833458	4
194870	1
100497	7
104394	4
358185	1
189007	1
182723	4
227819	3
4393568	4
592901	2
4393565	3
341460	6
331863	2
354890	4
302407	4
368236	4
593369	1
158563	3
215697	3
2208	4
457044	10
165935	4
4396426	1
297160	1
354095	1
807548	3
312515	4
329205	4
305187	4
4456065	1
4447605	4
304580	4
290808	3
1121111	5
300297	3
547463	2
258375	3
306980	1
569872	6
309720	6
301534	4
1105211	1
182653	1
345172	1
198786	4
826746	4
304973	4
295296	4
186122	4
836776	4
1135084	5
207390	1
194270	2
799034	4
195004	3
179273	3
351020	10
351027	4
4363066	6
191833	1
1105668	3
301984	3
180813	1
174755	2
174752	3
50779	2
171322	4
3308041	4
289918	4
4435400	1
194667	6
194660	1
545232	6
3609803	6
180975	4
180974	1
344422	3
180606	5
4477479	1
189838	1
356245	4
212164	6
336890	3
332831	5
310608	1
187386	4
187385	1
178491	1
310601	4
350373	2
192339	4
187389	6
187388	6
291571	4
342703	2
642922	1
355269	4
953855	3
177581	1
527485	2
577380	2
312766	4
174974	6
185392	1
197314	3
197867	1
185394	1
197864	3
189760	4
184553	6
304779	2
185021	4
304777	4
230479	4
815828	4
195646	1
644244	4
4364564	4
1895780	1
2210028	1
309534	4
251702	1
276810	3
2656868	5
178497	5
581782	7
4383953	4
686711	4
323537	3
99891	1
195252	3
297629	5
187891	1
2170530	1
187894	1
358798	1
389529	2
334797	4
4332878	1
302617	6
4352318	10
363442	4
274115	3
349257	6
851733	5
125270	5
198192	1
198190	5
137056	10
182142	2
556508	1
1105016	5
341284	1
320376	1
199575	1
179512	4
193946	1
198221	6
562410	4
71165	3
178640	4
178642	1
369354	2
197080	6
349876	4
175612	1
575261	4
4380450	4
4448492	4
733799	3
238205	12
1740283	1
295085	1
343727	3
591439	8
252773	4
4045882	3
132041	3
4045886	4
185251	1
109894	4
316132	5
511234	3
1855954	4
525142	1
29625	2
2987636	5
2987631	7
170640	5
174749	3
2346355	6
299882	4
4386317	2
234443	3
111771	4
4364176	3
179826	3
564961	3
528071	4
177910	3
338570	3
298973	3
145801	3
366752	6
187882	3
166689	6
189530	1
535901	3
4306356	3
663969	5
350141	1
322114	1
201364	3
1722623	5
181059	4
423264	5
185396	6
302426	4
1838560	2
334656	6
4383090	4
322112	1
158581	5
312935	10
289452	1
192048	4
192046	3
329820	3
191222	4
4202174	4
238803	1
4358322	4
196905	5
348642	1
293330	1
190577	1
315589	4
294363	4
192592	3
1058952	4
292688	4
1775194	3
581048	1
544859	5
2176015	8
4303855	2
4303856	5
4303850	2
4303851	1
289064	1
185824	4
314189	3
191483	5
185822	3
510780	1
4363269	1
4472050	3
4352875	4
173245	4
19611	4
193887	1
194219	6
509838	4
357028	4
298379	3
560479	4
298374	4
194215	6
357020	1
198503	1
321706	3
290686	1
621472	1
326936	1
360238	3
175281	6
175280	1
216599	3
368219	4
531596	5
178253	5
543509	4
182089	4
176555	4
4020046	3
289938	3
289933	6
183287	1
574038	3
174487	3
548621	1
174489	1
3550973	6
4381422	5
302160	4
1141218	2
3940412	3
189855	1
184391	1
184394	3
192865	5
192868	1
28702	3
553352	6
208901	3
174950	1
921020	2
322137	1
201772	3
312743	1
361365	3
521275	1
181539	4
339566	4
214997	4
318470	3
189708	4
2066056	6
304757	3
180220	3
47100	4
314963	3
4445226	5
563572	1
3327894	5
352215	4
4450025	4
355533	4
308426	1
4289859	8
4466220	2
43950	4
544996	4
3946926	4
21881	6
193509	1
177702	3
177704	4
297314	5
297643	3
297641	1
813479	3
348897	4
351894	5
4254528	1
351898	4
195271	1
210292	4
578857	3
166099	4
182577	4
336325	4
307536	6
22371	1
302932	4
368025	4
336228	3
184830	3
586271	1
184833	1
261336	3
365891	3
192676	3
192672	1
4463237	3
4194837	3
4476604	1
269386	2
271563	4
851715	3
4004998	1
197539	2
4004991	6
513646	5
197537	5
316911	4
182163	3
369994	4
329817	1
522927	4
4442338	2
176947	4
849346	4
565357	3
311426	2
353791	1
94758	1
4370229	4
179390	3
186081	4
306066	4
2730944	6
146554	1
4425255	2
319680	3
319687	3
528652	4
570052	4
184000	4
290548	1
819328	6
339791	3
347189	3
693613	4
4452538	7
4468805	5
195871	3
195876	3
72198	5
196370	1
308631	3
288417	5
174016	3
174010	3
4375860	1
196219	5
177933	3
435264	3
196210	4
193336	2
196215	1
50530	3
298954	6
334203	1
335071	2
580087	1
180037	3
182762	3
358143	5
3609545	6
341930	1
4329132	1
564188	1
4478815	6
350121	4
1111522	2
4406925	5
358858	1
173773	3
312665	2
545473	3
843553	6
581933	4
324386	3
519864	4
186866	5
357471	3
181074	3
194758	6
345354	6
329992	3
828676	7
2774254	3
649732	2
572751	6
198740	1
325384	1
185516	1
458550	4
4443094	4
290371	1
290370	2
860192	3
798164	4
295258	4
183201	4
191601	1
194236	4
564290	7
191608	1
335670	6
1599042	4
198521	1
436032	1
335675	1
297872	1
363035	5
532203	1
270094	5
578649	4
179729	1
4340358	5
102022	2
196581	1
335550	4
174712	1
520657	4
514996	4
342356	4
180857	1
341322	4
255367	4
289958	4
347243	5
347244	1
334074	4
184009	4
4357223	1
312311	3
187617	4
2932151	1
197760	1
197761	4
322562	3
189877	1
640521	5
158302	2
189879	3
2438948	3
569522	3
350337	3
291202	3
189403	1
319896	4
359950	1
359954	5
334459	3
332660	2
4354041	5
232975	4
4432463	1
319097	1
4326084	4
197352	1
197354	1
4326080	4
195704	3
185354	1
340219	4
575768	4
4437814	5
186521	3
183006	1
352182	5
4318125	1
2309799	5
842786	4
369555	1
1736067	5
308157	3
177893	6
2978122	4
194951	3
355510	6
197970	4
198198	4
288950	5
300394	4
1788776	4
196004	3
173654	7
4393396	5
150477	4
4331223	1
348875	3
850606	2
158264	3
4357811	5
182517	1
186981	5
153075	4
4295035	2
1109251	6
4472130	3
336205	6
176381	1
341139	4
646800	2
1836848	1
134265	4
350698	3
192654	1
197517	5
14030	1
190233	4
322711	4
322719	4
4334770	5
186321	3
567715	1
264325	3
4337970	5
4482516	4
362539	3
536866	4
176967	3
230232	1
324654	3
2362317	6
4473664	2
2565100	1
320725	4
437137	4
300952	3
157791	4
112720	3
332584	3
1098434	7
87668	1
13995	1
290529	1
2402366	4
178608	4
321063	3
4419650	6
1944498	5
195855	4
2497335	5
175929	3
1043408	4
196392	4
4309088	3
179911	6
196391	4
174033	4
194727	6
789275	3
174038	1
4355504	3
330564	1
323106	1
338754	5
287875	4
338757	5
229348	3
184214	3
759061	7
184211	3
461795	4
194899	1
187000	3
310781	2
302809	4
342683	1
4359797	1
1544606	3
182744	4
189067	1
299331	4
811513	8
341953	1
312464	3
299592	1
3841096	4
324015	3
177379	5
110060	3
185164	3
2631113	6
366797	4
366794	4
181899	1
431235	4
314204	4
842193	3
303864	6
2831841	1
581003	3
4427366	4
303739	2
344823	4
258389	4
2368865	4
2341726	1
515590	3
2136916	2
1835985	3
196061	1
193710	3
190534	6
348680	6
197442	3
621651	8
4384058	7
4404459	2
297856	1
4451251	1
510524	2
321290	1
321295	3
2415201	2
346686	4
337966	2
360890	4
195998	4
180874	1
180876	4
174738	4
293990	4
149614	1
2704013	3
342375	6
4303724	2
508788	3
295205	1
331571	3
331575	1
302128	3
291045	2
197708	4
157894	4
333426	3
353615	6
322505	1
172296	1
179744	3
211750	5
3806695	4
357930	3
4326573	5
291266	6
291596	3
3715618	2
533373	6
4484075	3
2127939	1
183245	1
4439690	5
174998	1
4316928	6
289622	2
572130	4
4372382	1
304539	5
185374	3
213671	3
318928	1
183062	4
188077	1
185088	1
188079	6
181792	1
755148	7
360636	3
199256	3
231752	4
4421128	1
177561	3
298858	3
177567	3
515299	4
292814	4
292816	4
16559	4
4409280	4
351501	3
177742	3
175967	4
3540765	10
3907189	4
187835	4
181139	4
182538	6
189309	5
313672	6
334734	2
184561	1
354622	3
4456702	1
205765	3
42395	2
1846390	2
4458634	1
457614	4
4414478	4
43628	3
327031	3
192634	1
553080	4
4348472	1
190705	3
197578	4
790466	8
688800	4
1614788	3
4458758	6
1667433	1
589658	6
589657	1
997439	3
364527	1
2582660	1
346098	4
306021	3
4463892	5
194374	3
194372	4
194373	4
194371	1
317315	3
851824	3
1106861	3
4453060	6
352733	3
2941399	3
290502	3
323826	4
274536	4
274533	2
161423	5
301620	3
291902	1
291906	4
178370	4
288367	1
4212012	5
233052	4
296909	3
175909	2
296900	4
194707	6
328825	4
279107	1
352081	4
178082	6
287813	5
174501	1
178081	6
471180	3
298624	4
4381430	4
189936	8
583266	4
4355075	4
955102	3
229874	2
528692	1
399637	3
318594	2
366147	5
4312974	5
4418787	1
4332202	2
565288	2
318777	5
214031	3
131559	1
214036	8
358104	3
4464173	4
4335302	4
4420408	5
562038	1
234054	3
234724	3
191928	3
177359	3
3195932	5
4289377	4
320906	3
4479989	4
3265556	1
3680006	1
185148	1
329884	2
3713805	1
185141	6
336063	3
332813	4
4328026	2
121873	6
345319	4
309441	4
193484	1
193480	1
1602805	1
240271	4
1035532	3
179677	6
185558	4
191399	4
531038	4
1815717	4
185550	3
191391	4
195556	4
4347159	3
2814830	3
295748	4
739387	1
3225199	1
195081	1
357046	3
149188	2
176750	1
4481613	2
176753	4
891034	6
113827	4
679245	5
531539	1
294293	1
197490	5
806852	5
484444	5
193863	1
692823	5
4476186	4
193868	1
329313	1
4411875	3
208479	4
4377150	3
353632	1
326991	4
1888072	1
470117	2
512494	5
179760	3
71710	4
178148	5
364753	1
369109	2
849535	4
343047	1
303313	1
4484010	3
347758	3
183267	1
330714	2
188276	1
1115121	3
589822	1
4355718	3
4281639	1
4379889	3
4416570	1
826302	3
294993	4
299474	4
183045	1
303279	4
196453	4
186563	2
303274	1
303273	2
918313	4
1823053	5
325977	1
301812	4
263138	1
4451152	6
359445	4
296045	5
848669	4
177503	4
3393186	3
4387706	3
527408	5
197930	1
292745	3
292294	1
310574	4
839610	4
110457	1
187210	1
187212	6
110458	4
4335578	8
2411212	3
922239	4
913036	2
189324	1
358712	4
697548	3
150436	4
772282	1
4424598	6
2046330	1
4430499	6
2235415	6
184897	4
349789	1
2124531	1
289208	4
193831	2
579431	4
4396656	4
293655	4
294353	1
197046	3
294606	1
197552	3
173996	1
528782	4
301253	4
15728	7
2688035	4
3016478	1
363731	2
363735	1
186022	1
290291	1
276484	5
194353	1
836693	3
357389	6
2388088	1
3430932	1
3430935	4
556126	5
298115	4
295554	4
295556	6
347690	4
196604	3
325279	6
176924	3
840279	5
168383	4
847728	1
179402	4
178764	1
194761	1
548587	3
194769	6
3557915	4
294451	2
4425368	5
233253	2
174078	1
288128	3
319621	5
4438999	6
333726	6
147484	8
4433676	4
3028318	3
183457	3
183454	5
183450	3
1145921	3
574689	3
1000547	4
67806	4
562583	1
1103978	1
4453609	3
359872	3
319197	1
319196	4
557978	5
312422	4
309929	1
263895	6
197237	3
1039584	7
190913	5
446691	4
4336070	3
577170	5
365167	1
308786	1
4316995	1
25005	1
183873	1
186804	1
359650	3
359120	4
130663	5
198930	1
4429335	7
494906	7
300235	1
4441081	2
277202	3
196180	1
328207	1
4431545	3
199182	6
309070	4
215097	4
320786	1
518287	1
874627	2
845544	4
550727	1
149226	3
323786	3
4395462	3
196982	6
519880	2
223059	1
561808	1
295835	4
193755	2
189677	6
194297	1
325098	1
198587	4
152485	6
176008	1
714461	5
363507	1
342085	3
535549	4
335132	5
4426051	1
141145	7
4368484	4
571242	1
208539	8
157054	3
192406	3
192404	1
320250	1
274965	4
327209	4
1924689	4
198324	1
327808	4
530700	1
211795	6
356360	3
70461	4
102049	3
1132942	3
361108	3
4484034	5
3116381	2
183202	3
91008	6
183207	3
540055	3
182915	3
3235048	1
182911	3
647215	4
4318122	5
311606	6
185324	4
195719	1
325958	6
178439	1
3944484	7
1106254	5
193233	5
193230	1
193235	1
296717	4
366451	6
355373	5
194933	4
177836	1
177520	1
187181	1
228556	1
366633	4
288930	3
687245	5
326788	3
336638	4
22697	5
182647	4
1122673	2
182643	4
189690	1
184426	4
184420	1
420168	4
150412	5
190208	3
181171	3
181176	6
181174	5
4387181	1
191998	6
515707	3
293097	6
4472195	2
553842	6
100975	3
320066	1
4359590	6
4334711	5
294370	1
4449525	5
186345	3
1059729	4
828776	6
340759	3
292967	2
4402605	4
134174	6
1600780	4
352902	3
347908	4
297970	1
4462107	4
194339	3
298254	4
4356641	5
799443	4
198133	5
566578	3
323862	1
519763	4
196664	5
569244	2
591499	3
295023	1
178331	2
364563	4
547287	2
585989	5
289817	4
178385	4
179425	6
179423	4
229547	4
368462	3
331411	4
325541	3
851682	7
187751	6
335564	4
132829	6
319603	1
333743	3
4311620	5
4311621	5
189975	4
183439	4
310760	1
365385	3
294812	3
516611	4
192963	2
178849	4
178845	4
302865	1
296941	4
239863	10
310490	1
267718	4
354850	5
849704	4
320888	4
4475642	5
4428313	6
300646	4
186092	4
4453084	3
197214	5
4306040	2
13354	5
